Initial State:
---------
028030095
003000002
090000038
300020467
200470010
900000000
000200000
760340520
002000074


Result #1
---------
128634795
573981642
694752138
381529467
256473819
947816253
415297386
769348521
832165974

Result #2
---------
128634795
573189642
694752138
381925467
256473819
947816253
415297386
769348521
832561974

Result #3
---------
128634795
573189642
694752138
381925467
256473819
947861253
415297386
769348521
832516974

Result #4
---------
128634795
573819642
694752138
381925467
256473819
947186253
415297386
769348521
832561974

Result #5
---------
128734695
573986142
694152738
381529467
256473819
947861253
415297386
769348521
832615974

Result #6
---------
128734695
573689142
694152738
381925467
256473819
947816253
415297386
769348521
832561974

Result #7
---------
128734695
573689142
694152738
381925467
256473819
947861253
415297386
769348521
832516974

Result #8
---------
128734695
573869142
694152738
381925467
256473819
947681253
415297386
769348521
832516974

Result #9
---------
128734695
573689142
694512738
381925467
256473819
947861253
415297386
769348521
832156974

Result #10
---------
128734695
573869142
694512738
381925467
256473819
947186253
415297386
769348521
832651974

Result #11
---------
128734695
573869142
694512738
381925467
256473819
947681253
415297386
769348521
832156974

Result #12
---------
128634795
573891642
694752138
381529467
256473819
947186253
435217986
769348521
812965374

Result #13
---------
128634795
573189642
694752138
381925467
256473819
947861253
435217986
769348521
812596374

Result #14
---------
128634795
573891642
694752138
381925467
256473819
947186253
435217986
769348521
812569374

Result #15
---------
128734695
573896142
694152738
381529467
256473819
947681253
435217986
769348521
812965374

Result #16
---------
128734695
573986142
694152738
381529467
256473819
947861253
435217986
769348521
812695374

Result #17
---------
128734695
573689142
694152738
381925467
256473819
947861253
435217986
769348521
812596374

Result #18
---------
128734695
573869142
694152738
381925467
256473819
947681253
435217986
769348521
812596374

Result #19
---------
128734695
573896142
694152738
381925467
256473819
947681253
435217986
769348521
812569374

Result #20
---------
128634795
673985142
495712638
381529467
256473819
947861253
514297386
769348521
832156974

Result #21
---------
128634795
673589142
495712638
381925467
256473819
947861253
514297386
769348521
832156974

Result #22
---------
128634795
673859142
495712638
381925467
256473819
947186253
514297386
769348521
832561974

Result #23
---------
128734695
673985142
495162738
381529467
256473819
947816253
514297386
769348521
832651974

Result #24
---------
128734695
673589142
495162738
381925467
256473819
947816253
514297386
769348521
832651974

Result #25
---------
128734695
673859142
495162738
381925467
256473819
947681253
514297386
769348521
832516974

Result #26
---------
128734695
673985142
495612738
381529467
256473819
947861253
514297386
769348521
832156974

Result #27
---------
128734695
673589142
495612738
381925467
256473819
947861253
514297386
769348521
832156974

Result #28
---------
128734695
673859142
495612738
381925467
256473819
947186253
514297386
769348521
832561974

Result #29
---------
128734695
673895142
495162738
381529467
256473819
947681253
534217986
769348521
812956374

Result #30
---------
128734695
673859142
495162738
381925467
256473819
947681253
534217986
769348521
812596374

Result #31
---------
128634795
673985142
594712638
381529467
256473819
947861253
415297386
769348521
832156974

Result #32
---------
128634795
673589142
594712638
381925467
256473819
947861253
415297386
769348521
832156974

Result #33
---------
128634795
673859142
594712638
381925467
256473819
947186253
415297386
769348521
832561974

Result #34
---------
128734695
673985142
594162738
381529467
256473819
947816253
415297386
769348521
832651974

Result #35
---------
128734695
673589142
594162738
381925467
256473819
947816253
415297386
769348521
832651974

Result #36
---------
128734695
673859142
594162738
381925467
256473819
947681253
415297386
769348521
832516974

Result #37
---------
128734695
673985142
594612738
381529467
256473819
947861253
415297386
769348521
832156974

Result #38
---------
128734695
673589142
594612738
381925467
256473819
947861253
415297386
769348521
832156974

Result #39
---------
128734695
673859142
594612738
381925467
256473819
947186253
415297386
769348521
832561974

Result #40
---------
128734695
673895142
594162738
381529467
256473819
947681253
435217986
769348521
812956374

Result #41
---------
128734695
673859142
594162738
381925467
256473819
947681253
435217986
769348521
812596374

Result #42
---------
628134795
173985642
495762138
381529467
256473819
947816253
514297386
769348521
832651974

Result #43
---------
628134795
173589642
495762138
381925467
256473819
947816253
514297386
769348521
832651974

Result #44
---------
628134795
173859642
495762138
381925467
256473819
947681253
514297386
769348521
832516974

Result #45
---------
628734195
173985642
495162738
381529467
256473819
947816253
514297386
769348521
832651974

Result #46
---------
628734195
173589642
495162738
381925467
256473819
947816253
514297386
769348521
832651974

Result #47
---------
628734195
173859642
495162738
381925467
256473819
947681253
514297386
769348521
832516974

Result #48
---------
628734195
173985642
495612738
381529467
256473819
947861253
514297386
769348521
832156974

Result #49
---------
628734195
173589642
495612738
381925467
256473819
947861253
514297386
769348521
832156974

Result #50
---------
628734195
173859642
495612738
381925467
256473819
947186253
514297386
769348521
832561974

Result #51
---------
628134795
173895642
495762138
381529467
256473819
947681253
534217986
769348521
812956374

Result #52
---------
628134795
173859642
495762138
381925467
256473819
947681253
534217986
769348521
812596374

Result #53
---------
628734195
173895642
495162738
381529467
256473819
947681253
534217986
769348521
812956374

Result #54
---------
628734195
173859642
495162738
381925467
256473819
947681253
534217986
769348521
812596374

Result #55
---------
628134795
173985642
594762138
381529467
256473819
947816253
415297386
769348521
832651974

Result #56
---------
628134795
173589642
594762138
381925467
256473819
947816253
415297386
769348521
832651974

Result #57
---------
628134795
173859642
594762138
381925467
256473819
947681253
415297386
769348521
832516974

Result #58
---------
628734195
173985642
594162738
381529467
256473819
947816253
415297386
769348521
832651974

Result #59
---------
628734195
173589642
594162738
381925467
256473819
947816253
415297386
769348521
832651974

Result #60
---------
628734195
173859642
594162738
381925467
256473819
947681253
415297386
769348521
832516974

Result #61
---------
628734195
173985642
594612738
381529467
256473819
947861253
415297386
769348521
832156974

Result #62
---------
628734195
173589642
594612738
381925467
256473819
947861253
415297386
769348521
832156974

Result #63
---------
628734195
173859642
594612738
381925467
256473819
947186253
415297386
769348521
832561974

Result #64
---------
628134795
173895642
594762138
381529467
256473819
947681253
435217986
769348521
812956374

Result #65
---------
628134795
173859642
594762138
381925467
256473819
947681253
435217986
769348521
812596374

Result #66
---------
628734195
173895642
594162738
381529467
256473819
947681253
435217986
769348521
812956374

Result #67
---------
628734195
173859642
594162738
381925467
256473819
947681253
435217986
769348521
812596374

Result #68
---------
628134795
573986142
194752638
381529467
256473819
947861253
415297386
769348521
832615974

Result #69
---------
628134795
573689142
194752638
381925467
256473819
947816253
415297386
769348521
832561974

Result #70
---------
628134795
573689142
194752638
381925467
256473819
947861253
415297386
769348521
832516974

Result #71
---------
628134795
573869142
194752638
381925467
256473819
947681253
415297386
769348521
832516974

Result #72
---------
628734195
573189642
194562738
381925467
256473819
947816253
415297386
769348521
832651974

Result #73
---------
628734195
573819642
194562738
381925467
256473819
947186253
415297386
769348521
832651974

Result #74
---------
628734195
573819642
194562738
381925467
256473819
947681253
415297386
769348521
832156974

Result #75
---------
628734195
573981642
194652738
381529467
256473819
947816253
415297386
769348521
832165974

Result #76
---------
628734195
573189642
194652738
381925467
256473819
947816253
415297386
769348521
832561974

Result #77
---------
628734195
573189642
194652738
381925467
256473819
947861253
415297386
769348521
832516974

Result #78
---------
628734195
573819642
194652738
381925467
256473819
947186253
415297386
769348521
832561974

Result #79
---------
628134795
573896142
194752638
381529467
256473819
947681253
435217986
769348521
812965374

Result #80
---------
628134795
573986142
194752638
381529467
256473819
947861253
435217986
769348521
812695374

Result #81
---------
628134795
573689142
194752638
381925467
256473819
947861253
435217986
769348521
812596374

Result #82
---------
628134795
573869142
194752638
381925467
256473819
947681253
435217986
769348521
812596374

Result #83
---------
628134795
573896142
194752638
381925467
256473819
947681253
435217986
769348521
812569374

Result #84
---------
628734195
573891642
194562738
381925467
256473819
947186253
435217986
769348521
812659374

Result #85
---------
628734195
573891642
194652738
381529467
256473819
947186253
435217986
769348521
812965374

Result #86
---------
628734195
573189642
194652738
381925467
256473819
947861253
435217986
769348521
812596374

Result #87
---------
628734195
573891642
194652738
381925467
256473819
947186253
435217986
769348521
812569374

Result #88
---------
628134795
513789642
497562138
381925467
256473819
974816253
145297386
769348521
832651974

Result #89
---------
628134795
513789642
497652138
381925467
256473819
974816253
145297386
769348521
832561974

Result #90
---------
628134795
513789642
497652138
381925467
256473819
974861253
145297386
769348521
832516974

Result #91
---------
628734195
513986742
497152638
381529467
256473819
974861253
145297386
769348521
832615974

Result #92
---------
628734195
513689742
497152638
381925467
256473819
974816253
145297386
769348521
832561974

Result #93
---------
628734195
513689742
497152638
381925467
256473819
974861253
145297386
769348521
832516974

Result #94
---------
628734195
513869742
497152638
381925467
256473819
974681253
145297386
769348521
832516974

Result #95
---------
628734195
513689742
497512638
381925467
256473819
974861253
145297386
769348521
832156974

Result #96
---------
628734195
513869742
497512638
381925467
256473819
974186253
145297386
769348521
832651974

Result #97
---------
628734195
513869742
497512638
381925467
256473819
974681253
145297386
769348521
832156974

All results showed.
